   0  10 128
   0  20 127
  20  30 127
  34  40 126
  45  50 126
  54  60 125
  62  70 125
  69  80 124
  75  90 124
  80 100 123
  85 110 123
  89 114 122
  93 118 122
  97 121 121
 100 125 121
 103 128 120
 106 130 120
 109 133 119
 112 136 119
 114 138 118
 131 140 118
 133 142 117
 135 144 117
 138 146 116
 140 148 116
 141 150 115
 143 152 115
 145 153 114
 147 155 114
 149 157 113
 150 158 113
 152 160 112
 153 161 112
 155 162 111
 156 164 111
 158 165 110
 159 166 110
 160 167 109
 162 169 109
 163 170 108
 164 171 108
 165 172 107
 166 173 107
 168 174 106
 169 175 106
 170 176 105
 171 177 105
 172 178 104
 173 179 104
 174 180 103
 175 181 103
 176 182 102
 177 183 102
 178 184 101
 179 184 101
 180 185 100
 180 186 100
 181 187  99
 182 188  99
 183 188  98
 184 189  98
 185 190  97
 185 191  97
 186 191  96
 187 192  96
 188 193  95
 188 194  95
 189 194  94
 190 195  94
 191 196  93
 191 196  93
 192 197  92
 193 198  92
 193 198  91
 194 199  91
 195 199  90
 195 200  90
 196 201  89
 197 201  89
 197 202  88
 198 202  88
 198 203  87
 199 203  87
 200 204  86
 200 205  86
 201 205  85
 201 206  85
 202 206  84
 203 207  84
 203 207  83
 204 208  83
 204 208  82
 205 209  82
 205 209  81
 206 210  81
 206 210  80
 207 211  80
 207 211  79
 208 212  79
 208 212  78
 209 212  78
 209 213  77
 210 213  77
 210 214  76
 211 214  76
 211 215  75
 212 215  75
 212 216  74
 213 216  74
 213 216  73
 213 217  73
 214 217  72
 214 218  72
 215 218  71
 215 218  71
 216 219  70
 216 219  70
 216 220  69
 217 220  69
 217 220  68
 218 221  68
 218 221  67
 219 222  67
 219 222  66
 219 222  66
 220 223  65
 220 223  65
 221 223  64
 221 224  64
 221 224  63
 222 224  63
 222 225  62
 222 225  62
 223 225  61
 223 226  61
 224 226  60
 224 226  60
 224 227  59
 225 227  59
 225 227  58
 225 228  58
 226 228  57
 226 228  57
 226 229  56
 227 229  56
 227 229  55
 227 230  55
 228 230  54
 228 230  54
 228 231  53
 229 231  53
 229 231  52
 229 232  52
 230 232  51
 230 232  51
 230 232  50
 231 233  50
 231 233  49
 231 233  49
 232 234  48
 232 234  48
 232 234  47
 233 234  47
 233 235  46
 233 235  46
 233 235  45
 234 236  45
 234 236  44
 234 236  44
 235 236  43
 235 237  43
 235 237  42
 235 237  42
 236 237  41
 236 238  41
 236 238  40
 237 238  40
 237 239  39
 237 239  39
 237 239  38
 238 239  38
 238 240  37
 238 240  37
 239 240  36
 239 240  36
 239 241  35
 239 241  35
 240 241  34
 240 241  34
 240 242  33
 240 242  33
 241 242  32
 241 242  32
 241 243  31
 241 243  31
 242 243  30
 242 243  30
 242 243  29
 242 244  29
 243 244  28
 243 244  28
 243 244  27
 243 245  27
 244 245  26
 244 245  26
 244 245  25
 244 245  25
 245 246  24
 245 246  24
 245 246  23
 245 246  23
 246 247  22
 246 247  22
 246 247  21
 246 247  21
 246 247  20
 247 248  20
 247 248  19
 247 248  19
 247 248  18
 248 249  18
 248 249  17
 248 249  17
 248 249  16
 249 249  16
 249 250  15
 249 250  15
 249 250  14
 249 250  14
 250 250  13
 250 251  13
 250 251  12
 250 251  12
 250 251  11
 251 251  11
 251 252  10
 251 252  10
 251 252   9
 252 252   9
 252 252   8
 252 252   8
 252 253   7
 252 253   7
 253 253   6
 253 253   6
 253 253   5
 253 254   5
 253 254   4
 254 254   4
 254 254   3
 254 254   3
 254 255   2
 254 255   2
 255 255   1
 255 255   1
 255 255   0
